1.0|10|2000|2000|500|72|1583|7|100000|100|35|3|72|8765|923|0|500|75|1|35|70|750|21|14|1|7500|0|12|1|1|1|50|10|1|1|bollocks|http://bollocks.com/twclone|The name of the game|


2.0|10|2000|2000|500|72|1583|7|100000|100|35|3|72|8765|923|0|500|75|1|35|70|750|21|14|1|7500|0|12|1|1|1|50|10|1|1|ABANGGGG|http://bollocks.com/twclone|SMEG|


3.0|10|2000|2000|500|72|1583|7|100000|100|35|3|72|8765|923|0|500|75|1|35|70|750|21|14|1|7500|0|12|1|1|1|50|10|1|1|HORSE|http://bollocks.com/twclone|HORSE|


4.0|10|2000|2000|500|72|1583|7|100000|100|35|3|72|8765|923|0|500|75|1|35|70|750|21|14|1|7500|0|12|1|1|1|50|10|1|1|PIG|http://bollocks.com/twclone|PIG|



5.0|10|2000|2000|500|72|1583|7|100000|100|35|3|72|8765|923|0|500|75|1|35|70|750|21|14|1|7500|0|12|1|1|1|50|10|1|1|GOAT|http://bollocks.com/twclone|GOAT|



---



